version = 'MMult_4x4_15';
MY_MMult = [
40 5.333333e+00 3.552714e-15 
80 2.876404e+00 6.217249e-15 
120 4.766897e+00 7.105427e-15 
160 6.638574e+00 1.243450e-14 
200 5.679801e+00 1.776357e-14 
240 6.517680e+00 2.486900e-14 
280 6.482209e+00 3.197442e-14 
320 6.597805e+00 3.552714e-14 
360 6.633869e+00 4.263256e-14 
400 6.553013e+00 4.618528e-14 
440 6.602131e+00 5.684342e-14 
480 6.609413e+00 5.329071e-14 
520 6.555916e+00 6.394885e-14 
560 6.601485e+00 7.105427e-14 
600 6.626377e+00 6.750156e-14 
640 6.654161e+00 7.105427e-14 
680 6.621991e+00 8.526513e-14 
720 6.648403e+00 9.592327e-14 
760 6.651655e+00 9.947598e-14 
800 6.465340e+00 1.101341e-13 
];
