version = 'MMult2_sym';
MY_MMult = [
40 1.000000e+00 0.000000e+00 
80 9.167413e-01 0.000000e+00 
120 1.046955e+00 0.000000e+00 
160 1.366928e+00 0.000000e+00 
200 1.263324e+00 0.000000e+00 
240 7.738252e-01 0.000000e+00 
280 2.507210e-01 0.000000e+00 
320 6.694314e-01 0.000000e+00 
360 5.398563e-01 0.000000e+00 
400 4.930947e-01 0.000000e+00 
440 2.295245e-01 0.000000e+00 
480 1.685163e-01 0.000000e+00 
520 5.095111e-01 0.000000e+00 
560 2.823086e-01 0.000000e+00 
600 6.095806e-01 0.000000e+00 
640 4.590666e-01 0.000000e+00 
680 5.758084e-01 0.000000e+00 
720 2.758926e-01 0.000000e+00 
760 4.497193e-01 0.000000e+00 
800 3.937789e-01 0.000000e+00 
];
