version = 'MMult2_sym';
MY_MMult = [
40 1.939394e+00 1.212588e+01 
80 2.211663e+00 1.632396e+01 
120 2.219653e+00 2.117654e+01 
160 3.221392e+00 2.710345e+01 
200 3.096574e+00 1.061368e+02 
