version = 'MMult0';
MY_MMult = [
40 1.075630e+00 0.000000e+00 
80 7.496340e-01 0.000000e+00 
120 1.272928e+00 0.000000e+00 
160 1.610063e+00 0.000000e+00 
200 1.675568e+00 0.000000e+00 
240 1.718548e+00 0.000000e+00 
280 1.754967e+00 0.000000e+00 
320 1.773400e+00 0.000000e+00 
360 1.759940e+00 0.000000e+00 
400 1.715013e+00 0.000000e+00 
440 1.675993e+00 0.000000e+00 
480 1.156627e+00 0.000000e+00 
520 1.151161e+00 0.000000e+00 
560 1.086346e+00 0.000000e+00 
600 1.023411e+00 0.000000e+00 
640 9.745674e-01 0.000000e+00 
680 9.437627e-01 0.000000e+00 
720 9.132611e-01 0.000000e+00 
760 9.294313e-01 0.000000e+00 
800 9.496606e-01 0.000000e+00 
];
