version = 'MMult2';
MY_MMult = [
40 1.969231e+00 0.000000e+00 
80 1.372654e+00 0.000000e+00 
120 9.393857e-01 0.000000e+00 
160 1.624108e+00 0.000000e+00 
200 1.916168e+00 0.000000e+00 
240 1.924678e+00 0.000000e+00 
280 1.919049e+00 0.000000e+00 
320 1.884301e+00 0.000000e+00 
360 1.903472e+00 0.000000e+00 
400 1.857819e+00 0.000000e+00 
440 1.830792e+00 0.000000e+00 
480 1.574981e+00 0.000000e+00 
520 1.231524e+00 0.000000e+00 
560 1.186254e+00 0.000000e+00 
600 1.162403e+00 0.000000e+00 
640 1.101082e+00 0.000000e+00 
680 1.061809e+00 0.000000e+00 
720 1.091985e+00 0.000000e+00 
760 1.057756e+00 0.000000e+00 
800 1.030658e+00 0.000000e+00 
];
