version = 'MMult1';
MY_MMult = [
40 8.421053e-01 0.000000e+00 
80 1.172967e+00 0.000000e+00 
120 1.476923e+00 0.000000e+00 
160 1.765517e+00 0.000000e+00 
200 1.743299e+00 0.000000e+00 
240 1.743913e+00 0.000000e+00 
280 1.819855e+00 0.000000e+00 
320 1.830103e+00 0.000000e+00 
360 1.811954e+00 0.000000e+00 
400 1.809443e+00 0.000000e+00 
440 1.797150e+00 0.000000e+00 
480 1.543579e+00 0.000000e+00 
520 1.190967e+00 0.000000e+00 
560 1.253585e+00 0.000000e+00 
600 1.226722e+00 0.000000e+00 
640 1.067936e+00 0.000000e+00 
680 9.329870e-01 0.000000e+00 
720 8.153828e-01 0.000000e+00 
760 7.438071e-01 0.000000e+00 
800 6.975016e-01 0.000000e+00 
];
